63 0.840805 0.435539 0.282516 0.292609
71 0.522078 0.296711 0.141688 0.123203
61 0.465320 0.533977 0.275797 0.335484
61 0.980367 0.321742 0.039234 0.158141
72 0.646344 0.343820 0.126406 0.104484
73 0.576937 0.401086 0.029313 0.019797
75 0.500359 0.369172 0.150750 0.043312
62 0.109898 0.629352 0.216453 0.224828
83 0.985617 0.203672 0.014953 0.042438
83 0.986141 0.086648 0.011875 0.043891
83 0.974797 0.202086 0.016594 0.042984
83 0.962398 0.200852 0.011453 0.041641
83 0.964938 0.264250 0.010531 0.032438
83 0.983219 0.148664 0.023531 0.042984
83 0.967211 0.145156 0.022328 0.042125
83 0.995023 0.151336 0.007047 0.034141
83 0.991656 0.205016 0.015813 0.037500
83 0.968242 0.087352 0.012453 0.042234
83 0.997039 0.089797 0.005922 0.033281
83 0.976914 0.086375 0.010859 0.041500
75 0.648117 0.370398 0.082047 0.025078
83 0.953164 0.315445 0.023828 0.027797
83 0.790625 0.289062 0.415625 0.218750
