3 0.630805 0.372758 0.106578 0.072078
3 0.460727 0.368102 0.157734 0.082078
5 0.875672 0.302789 0.248656 0.153266
2 0.826875 0.503898 0.346250 0.311953
2 0.236477 0.310859 0.045203 0.017500
2 0.211125 0.498891 0.419250 0.317062
0 0.703477 0.330000 0.013328 0.054375
0 0.744914 0.345250 0.030953 0.079531
0 0.718195 0.331445 0.016359 0.053828
0 0.672586 0.322320 0.020109 0.057703
0 0.608867 0.318602 0.037641 0.054891
0 0.080352 0.321133 0.019609 0.057297
0 0.202961 0.308312 0.006203 0.019312
0 0.693039 0.329117 0.013641 0.052266
0 0.735164 0.313312 0.007703 0.017250
0 0.501086 0.318867 0.027047 0.044953
2 0.291664 0.311867 0.029828 0.012516
3 0.569820 0.359586 0.070266 0.081359
3 0.475938 0.380555 0.136219 0.079234
0 0.618266 0.333641 0.010125 0.016531
0 0.651531 0.321609 0.036656 0.055625
0 0.727453 0.319039 0.010219 0.015922
