0 0.257680 0.535789 0.384141 0.654359
45 0.604883 0.769180 0.099766 0.258234
45 0.519727 0.441563 0.016547 0.039656
43 0.366844 0.627500 0.068000 0.089469
43 0.099555 0.040672 0.037984 0.079094
43 0.146281 0.046352 0.028625 0.087672
43 0.435789 0.095211 0.047703 0.136141
43 0.243367 0.048281 0.025672 0.096562
43 0.215305 0.067258 0.025891 0.077984
43 0.502352 0.140703 0.029797 0.070438
43 0.530211 0.146773 0.021484 0.070734
43 0.088945 0.237047 0.046578 0.027125
43 0.279172 0.037906 0.019375 0.053281
43 0.543266 0.151797 0.016031 0.064031
45 0.549602 0.437422 0.022703 0.050187
45 0.579328 0.432156 0.014938 0.051531
45 0.564922 0.429992 0.016469 0.029953
46 0.484266 0.833016 0.204500 0.296625
0 0.661406 0.807461 0.177187 0.122641
43 0.378906 0.090391 0.026844 0.112344
43 0.572445 0.159672 0.019734 0.058719
45 0.533805 0.437547 0.015297 0.042438
0 0.715266 0.523156 0.069469 0.237469
45 0.566664 0.449359 0.012391 0.022375
43 0.392188 0.389062 0.712500 0.650000
