43 0.612016 0.557484 0.011687 0.035656
43 0.457320 0.460016 0.007703 0.021719
43 0.314086 0.319008 0.006172 0.014266
84 0.747461 0.226805 0.278859 0.332203
66 0.545555 0.604125 0.191234 0.094625
0 0.195391 0.391992 0.057063 0.095359
0 0.310297 0.511633 0.061594 0.191922
0 0.620945 0.506883 0.071641 0.101484
0 0.417227 0.471211 0.067047 0.145516
0 0.923422 0.479312 0.065625 0.073531
0 0.963453 0.459406 0.034187 0.054344
50 0.203883 0.451695 0.040172 0.028859
66 0.460648 0.475977 0.023391 0.023797
66 0.762328 0.452273 0.058188 0.020359
66 0.452922 0.430789 0.038594 0.011922
66 0.140070 0.553656 0.063766 0.048094
66 0.883852 0.513984 0.100484 0.035937
66 0.748727 0.419367 0.055703 0.025297
66 0.683352 0.549258 0.094234 0.029391
66 0.590461 0.400641 0.034984 0.006969
66 0.602180 0.453359 0.081578 0.028563
66 0.319469 0.400594 0.013813 0.014406
85 0.553469 0.348141 0.012438 0.032281
0 0.673414 0.584289 0.084172 0.153047
46 0.452047 0.428023 0.007437 0.010109
50 0.498586 0.586297 0.037359 0.019781
61 0.686156 0.625484 0.074063 0.074063
61 0.609258 0.632828 0.078547 0.056875
61 0.466039 0.635437 0.083297 0.053906
61 0.109211 0.613719 0.110453 0.097906
61 0.790000 0.604406 0.056188 0.108969
61 0.973078 0.495602 0.021000 0.036766
61 0.578023 0.438789 0.030297 0.024141
61 0.604672 0.421828 0.029750 0.046500
61 0.626672 0.439789 0.028687 0.021516
61 0.855883 0.543094 0.045297 0.066594
0 0.544055 0.526813 0.102547 0.099531
0 0.645789 0.424445 0.038016 0.055453
61 0.369492 0.623453 0.089234 0.080844
61 0.924523 0.546250 0.068266 0.088000
66 0.155875 0.588297 0.044031 0.042281
81 0.268703 0.341219 0.039125 0.056906
0 0.568984 0.599961 0.100281 0.123203
0 0.825695 0.515234 0.065078 0.094844
0 0.850141 0.470406 0.048375 0.054719
43 0.451352 0.422578 0.005422 0.018063
61 0.427781 0.591938 0.039156 0.109875
0 0.383859 0.519820 0.064625 0.182641
66 0.506148 0.523023 0.055266 0.057734
0 0.543750 0.471875 0.821875 0.256250
66 0.628125 0.529687 0.693750 0.271875
61 0.527344 0.450781 0.589063 0.114062
