47 0.780437 0.373062 0.351625 0.484563
50 0.378195 0.309031 0.696234 0.510625
50 0.478125 0.533508 0.956250 0.845484
55 0.495312 0.342750 0.143969 0.118188
55 0.264898 0.313766 0.151359 0.131719
55 0.380977 0.338758 0.108828 0.168797
55 0.459859 0.228859 0.081656 0.083812
55 0.582789 0.371773 0.040391 0.083953
55 0.363281 0.445891 0.117938 0.097125
55 0.379156 0.195477 0.124500 0.132734
55 0.503305 0.208992 0.097516 0.110422
55 0.471391 0.409734 0.136937 0.110750
55 0.514117 0.286813 0.158922 0.107031
