42 0.110602 0.541953 0.074109 0.136437
30 0.073727 0.449180 0.083266 0.189891
30 0.362563 0.442383 0.109781 0.183672
0 0.244961 0.416148 0.130047 0.356891
0 0.663273 0.223719 0.058016 0.071125
0 0.484047 0.396563 0.138937 0.493563
0 0.404758 0.467469 0.155672 0.389188
0 0.894273 0.524961 0.211453 0.450078
0 0.730703 0.537914 0.179531 0.424172
0 0.664172 0.499273 0.138187 0.498828
0 0.580617 0.486234 0.129766 0.490437
0 0.710617 0.261891 0.137641 0.189312
0 0.361383 0.402680 0.149641 0.426172
26 0.376094 0.301406 0.097531 0.090688
26 0.110289 0.389656 0.087078 0.079656
0 0.127766 0.455289 0.092594 0.332078
0 0.587203 0.217617 0.082250 0.064266
