56 0.658273 0.238297 0.099828 0.073719
56 0.751547 0.289891 0.084687 0.082812
56 0.303555 0.392680 0.067422 0.054828
56 0.352500 0.248086 0.125031 0.106422
55 0.409844 0.313867 0.819688 0.613266
55 0.313219 0.272852 0.170687 0.128422
55 0.187719 0.092648 0.108219 0.120234
55 0.100219 0.241945 0.119656 0.151078
49 0.828852 0.288383 0.342297 0.440328
56 0.226453 0.333180 0.094656 0.085453
56 0.633336 0.195125 0.083172 0.083562
78 0.500867 0.486219 0.998266 0.343219
56 0.474078 0.129273 0.053875 0.058016
56 0.248664 0.082523 0.043828 0.038734
