18 0.686031 0.394961 0.309156 0.312109
14 0.899141 0.410422 0.151031 0.092500
0 0.343414 0.383969 0.073859 0.176313
0 0.519797 0.321844 0.057375 0.085781
0 0.145219 0.359203 0.050313 0.103656
0 0.193469 0.352102 0.020000 0.092672
0 0.207664 0.348727 0.036266 0.106891
0 0.071750 0.362180 0.023938 0.096547
0 0.252289 0.326367 0.016547 0.034047
27 0.645906 0.252656 0.199750 0.099312
27 0.957094 0.262672 0.065156 0.021188
31 0.353000 0.358078 0.008875 0.045969
0 0.115039 0.364078 0.021734 0.085625
0 0.030445 0.379469 0.035078 0.063813
0 0.427789 0.324320 0.029078 0.037172
0 0.841125 0.289625 0.030156 0.046594
0 0.148891 0.359297 0.032094 0.085094
6 0.364070 0.354922 0.355609 0.287875
27 0.977766 0.249063 0.023813 0.019094
0 0.019734 0.350219 0.019125 0.092063
0 0.501563 0.358594 0.962500 0.198437
