84 0.483609 0.182789 0.023469 0.036078
84 0.529703 0.181422 0.030219 0.036687
0 0.889344 0.574063 0.022656 0.081781
0 0.917078 0.570297 0.019469 0.062187
0 0.942062 0.569469 0.016188 0.058250
0 0.926219 0.568000 0.014625 0.060531
0 0.778461 0.569250 0.025484 0.076438
2 0.155125 0.543797 0.023938 0.025781
0 0.798500 0.572117 0.021438 0.068234
0 0.992156 0.573508 0.015688 0.066828
0 0.483078 0.560844 0.016594 0.059313
2 0.133516 0.551898 0.038719 0.033391
0 0.876953 0.563281 0.009000 0.060188
0 0.252453 0.535805 0.005344 0.018359
0 0.467148 0.559422 0.014766 0.060781
0 0.488672 0.561977 0.002375 0.008891
0 0.903125 0.566414 0.015344 0.033016
