36 0.278734 0.254914 0.012812 0.007078
61 0.349430 0.547273 0.047328 0.064703
61 0.304477 0.545000 0.044516 0.066750
42 0.312781 0.353945 0.042469 0.022328
42 0.741164 0.305914 0.039266 0.023641
0 0.348602 0.376047 0.055359 0.132312
0 0.744523 0.288578 0.068359 0.081344
0 0.775086 0.123484 0.030453 0.047156
0 0.725594 0.097836 0.024500 0.041422
0 0.896047 0.733148 0.033781 0.033703
0 0.143453 0.400641 0.061469 0.114219
0 0.414680 0.153609 0.024047 0.032156
0 0.052055 0.544914 0.043516 0.086453
0 0.376633 0.152547 0.033016 0.035094
0 0.382687 0.094508 0.024906 0.047266
0 0.404203 0.090852 0.025219 0.040234
14 0.142500 0.723219 0.285000 0.052187
14 0.347961 0.162562 0.024672 0.013219
14 0.254570 0.165734 0.022016 0.010063
14 0.206906 0.166297 0.024250 0.010969
0 0.885750 0.694375 0.040875 0.042969
14 0.060766 0.125695 0.041719 0.011453
26 0.384828 0.568656 0.051719 0.036781
32 0.264164 0.568289 0.041953 0.040828
32 0.351422 0.537930 0.033594 0.009734
0 0.318883 0.096359 0.027578 0.043469
14 0.027172 0.135422 0.021406 0.013656
14 0.090398 0.108477 0.022391 0.021641
36 0.359602 0.543055 0.003453 0.002703
0 0.495312 0.347656 0.987500 0.695312
