64 0.318570 0.579648 0.626922 0.325391
63 0.333984 0.285555 0.094969 0.144359
83 0.719164 0.328586 0.013391 0.055609
83 0.714562 0.421773 0.012531 0.053016
83 0.699094 0.496047 0.008313 0.062000
83 0.800039 0.327203 0.018984 0.057469
83 0.767578 0.333367 0.011687 0.043828
61 0.464344 0.428586 0.163625 0.137016
63 0.607195 0.443547 0.128922 0.223438
83 0.743086 0.327641 0.045828 0.056313
83 0.842531 0.419977 0.038125 0.063172
83 0.814734 0.328945 0.006375 0.053422
83 0.780359 0.107984 0.006375 0.042750
83 0.821438 0.181664 0.004375 0.059016
83 0.796336 0.248281 0.050922 0.009938
83 0.748336 0.392719 0.075859 0.018969
83 0.727953 0.422398 0.012875 0.052047
83 0.769531 0.303906 0.239063 0.473438
