61 0.137539 0.215641 0.037359 0.049188
61 0.169031 0.224102 0.031781 0.038734
37 0.613523 0.332648 0.716359 0.398609
26 0.149570 0.256258 0.027766 0.023891
0 0.719203 0.295766 0.147531 0.310656
0 0.443164 0.202164 0.046828 0.123641
0 0.451187 0.150367 0.028875 0.051109
0 0.583367 0.133813 0.030203 0.087906
0 0.527695 0.092414 0.029328 0.064359
0 0.604906 0.096117 0.027937 0.066984
0 0.862016 0.301406 0.144344 0.246312
0 0.931562 0.243023 0.054875 0.134578
0 0.070859 0.212305 0.063094 0.059016
0 0.303312 0.082617 0.020594 0.025953
0 0.271898 0.084906 0.013109 0.022094
0 0.284109 0.194570 0.053125 0.132672
26 0.171633 0.253375 0.030453 0.023000
26 0.117531 0.256859 0.055250 0.028594
26 0.116797 0.223625 0.033344 0.033344
0 0.181313 0.108438 0.037937 0.075875
0 0.591406 0.143750 0.698438 0.265625
