2 0.499898 0.420227 0.172766 0.105141
2 0.138758 0.438297 0.183328 0.147313
2 0.103547 0.375852 0.121781 0.080828
2 0.342859 0.417945 0.159187 0.095016
2 0.699953 0.406664 0.112062 0.078984
2 0.819273 0.406242 0.140953 0.078859
5 0.123031 0.370789 0.242688 0.738203
0 0.249289 0.406031 0.029703 0.112062
0 0.416000 0.373000 0.022062 0.032906
2 0.560617 0.376437 0.045016 0.041500
2 0.179398 0.404883 0.046016 0.054953
2 0.967555 0.405398 0.064891 0.052641
2 0.889820 0.406648 0.054703 0.057172
2 0.772742 0.380602 0.106703 0.038203
0 0.277938 0.391047 0.015625 0.046875
0 0.304742 0.371133 0.025016 0.035141
