0 0.725187 0.204156 0.036562 0.094437
0 0.494156 0.188117 0.034281 0.037203
0 0.691430 0.196258 0.032859 0.084422
0 0.103414 0.185906 0.030359 0.052406
0 0.136227 0.224070 0.079828 0.150109
0 0.780727 0.188133 0.038203 0.081047
0 0.539883 0.221930 0.067422 0.123453
0 0.874789 0.186844 0.059766 0.072906
0 0.930258 0.176656 0.033266 0.080812
2 0.947672 0.165961 0.104656 0.087734
0 0.976984 0.178086 0.034656 0.095297
0 0.963031 0.175914 0.017406 0.085203
3 0.376172 0.238398 0.094156 0.077734
3 0.135516 0.257828 0.106656 0.085125
3 0.443023 0.228078 0.024422 0.061219
3 0.530711 0.240820 0.099047 0.095141
3 0.872305 0.217367 0.092328 0.058047
3 0.609117 0.223195 0.070172 0.055609
3 0.203836 0.249016 0.093578 0.075250
3 0.314773 0.234688 0.047672 0.060719
3 0.476180 0.234469 0.059453 0.062875
3 0.662258 0.212508 0.059672 0.050078
3 0.796930 0.201523 0.077891 0.047641
3 0.051266 0.246828 0.085625 0.118406
0 0.742438 0.190570 0.033125 0.084266
