3 0.087359 0.509094 0.123500 0.218406
3 0.177148 0.499094 0.132078 0.206188
3 0.261258 0.494812 0.076172 0.185375
3 0.395852 0.497961 0.209922 0.148453
3 0.535336 0.473422 0.093547 0.160781
3 0.598461 0.472953 0.067578 0.143469
3 0.720000 0.462008 0.093344 0.133547
3 0.656344 0.463719 0.129594 0.149000
0 0.025258 0.375984 0.037516 0.065594
0 0.095031 0.396195 0.051031 0.092234
0 0.560914 0.389313 0.036547 0.061750
0 0.461414 0.376875 0.028859 0.089156
0 0.704484 0.396852 0.016344 0.037766
0 0.886063 0.383469 0.045906 0.055156
0 0.855750 0.375500 0.021656 0.021969
0 0.943680 0.387141 0.023297 0.081344
0 0.057172 0.381398 0.034969 0.064297
0 0.591172 0.397570 0.036844 0.084797
0 0.014063 0.475023 0.028125 0.214891
0 0.748172 0.388953 0.011219 0.006063
3 0.915328 0.449391 0.082937 0.117406
3 0.947102 0.455891 0.044078 0.071125
3 0.968633 0.435969 0.061016 0.056719
3 0.487742 0.469125 0.088641 0.154594
30 0.586898 0.405187 0.017172 0.015531
0 0.107305 0.318281 0.041078 0.090188
3 0.769141 0.459828 0.109469 0.133156
3 0.623437 0.456250 0.571875 0.181250
