0 0.490344 0.375695 0.216531 0.235891
0 0.295094 0.738102 0.085250 0.087766
0 0.431758 0.810211 0.067266 0.065328
0 0.547016 0.928344 0.072094 0.143313
0 0.607867 0.940953 0.066797 0.118094
40 0.369625 0.424648 0.060313 0.068734
0 0.478297 0.827484 0.057969 0.045437
0 0.155258 0.674633 0.051734 0.097047
0 0.365602 0.789398 0.052391 0.108422
0 0.109328 0.583500 0.109844 0.237844
81 0.457258 0.880719 0.065234 0.076125
0 0.326930 0.801164 0.040109 0.072734
0 0.038852 0.599758 0.074828 0.116047
0 0.382305 0.840594 0.049359 0.069156
0 0.187008 0.707836 0.050047 0.061578
0 0.412500 0.851562 0.037500 0.068750
