63 0.166313 0.198633 0.012344 0.027047
61 0.089453 0.347656 0.096094 0.022656
61 0.221094 0.316125 0.078125 0.039844
66 0.287078 0.316250 0.325563 0.076094
81 0.510391 0.235406 0.077531 0.236625
51 0.374328 0.301383 0.059125 0.043609
78 0.261813 0.249406 0.094031 0.110969
80 0.437914 0.212852 0.043547 0.005422
54 0.350625 0.301383 0.026969 0.024953
54 0.374914 0.326445 0.026078 0.024891
54 0.369398 0.287094 0.018328 0.017156
54 0.332320 0.308766 0.023422 0.033125
61 0.418180 0.317375 0.080266 0.070938
54 0.351500 0.323914 0.022094 0.021078
