63 0.397531 0.313039 0.122313 0.101391
63 0.273773 0.356383 0.065953 0.069047
63 0.342742 0.357852 0.051953 0.045641
63 0.393016 0.346883 0.034719 0.054547
71 0.622414 0.372719 0.078891 0.057781
62 0.378516 0.495148 0.288375 0.203234
62 0.796570 0.540609 0.304578 0.203313
1 0.277422 0.505641 0.183875 0.250000
63 0.130852 0.384070 0.091484 0.071078
74 0.662086 0.544266 0.039297 0.021344
46 0.878078 0.440125 0.018375 0.028156
71 0.793367 0.682578 0.221922 0.130438
81 0.901883 0.611258 0.196234 0.146641
61 0.102766 0.514625 0.190594 0.251688
