63 0.389578 0.276969 0.038594 0.108594
71 0.127641 0.336242 0.233312 0.148234
71 0.934195 0.388367 0.127109 0.123016
61 0.604656 0.421039 0.087500 0.160672
61 0.502508 0.417563 0.096609 0.153875
61 0.669195 0.412016 0.047141 0.127125
61 0.512797 0.351617 0.033719 0.018109
0 0.686445 0.354086 0.082891 0.215641
0 0.612484 0.297000 0.023625 0.055844
77 0.811859 0.333961 0.023031 0.024953
81 0.786320 0.357023 0.031703 0.169234
83 0.956156 0.513664 0.022406 0.071422
83 0.968250 0.517906 0.020125 0.072563
84 0.710555 0.206344 0.021828 0.034187
85 0.886562 0.553539 0.057313 0.140109
85 0.556945 0.343930 0.017766 0.035234
61 0.651664 0.352000 0.015047 0.019563
85 0.388047 0.318445 0.022219 0.027547
85 0.533836 0.324789 0.015203 0.026141
66 0.599984 0.430758 0.196188 0.138953
