62 0.429031 0.360484 0.851625 0.272594
0 0.785875 0.381727 0.428250 0.716359
0 0.433984 0.479500 0.325281 0.524156
0 0.448859 0.156258 0.155688 0.167422
0 0.168070 0.406250 0.332766 0.587844
0 0.833648 0.156281 0.077203 0.202000
0 0.894469 0.086828 0.057219 0.099781
50 0.077508 0.710562 0.154141 0.078875
0 0.904664 0.143859 0.117297 0.221438
0 0.667875 0.171125 0.261906 0.174594
0 0.311539 0.170352 0.121859 0.132328
46 0.968719 0.705391 0.062562 0.089219
76 0.038922 0.492055 0.070125 0.026172
0 0.585242 0.181703 0.037859 0.043281
0 0.860773 0.070555 0.047109 0.073484
