43 0.344719 0.563742 0.026531 0.095359
62 0.916078 0.568688 0.167844 0.362625
62 0.184688 0.491594 0.369375 0.353313
66 0.319414 0.645117 0.324703 0.192359
0 0.488508 0.472727 0.264016 0.484297
0 0.640203 0.499875 0.196000 0.413719
0 0.799719 0.371633 0.278094 0.736516
46 0.211469 0.603984 0.041938 0.091000
74 0.684813 0.125430 0.028813 0.104703
43 0.268961 0.591680 0.029953 0.093703
46 0.216867 0.558703 0.039703 0.044719
72 0.254211 0.409000 0.120609 0.039438
74 0.389891 0.592914 0.048750 0.048766
26 0.185820 0.604398 0.139547 0.197953
74 0.317578 0.579578 0.031563 0.028687
