5 0.508141 0.488852 0.621781 0.694672
0 0.343781 0.527555 0.092781 0.102672
0 0.693344 0.547789 0.025344 0.038797
0 0.494281 0.549125 0.054469 0.052281
0 0.295445 0.284008 0.045859 0.035859
0 0.484133 0.267477 0.039578 0.032609
0 0.195070 0.625492 0.010891 0.033078
5 0.922063 0.563992 0.068375 0.137609
0 0.152844 0.634133 0.020688 0.053922
0 0.346141 0.279766 0.028844 0.032094
0 0.136945 0.631195 0.029891 0.082359
0 0.169531 0.646422 0.020688 0.050406
0 0.187625 0.642352 0.020313 0.060359
5 0.835195 0.548141 0.098672 0.108937
