43 0.439445 0.303078 0.013734 0.039938
84 0.393109 0.023352 0.055937 0.046703
43 0.453711 0.245703 0.007672 0.018031
43 0.441172 0.247516 0.006813 0.019719
43 0.460539 0.226508 0.009328 0.014984
43 0.433297 0.234914 0.009500 0.038828
43 0.479891 0.273898 0.011969 0.023516
43 0.468938 0.227117 0.010125 0.024922
43 0.464820 0.316586 0.008141 0.028953
61 0.672273 0.446938 0.141766 0.258156
61 0.429844 0.528609 0.198406 0.270906
61 0.202766 0.501648 0.138375 0.195328
61 0.927234 0.370539 0.135281 0.207703
66 0.441484 0.354406 0.368719 0.101469
66 0.858102 0.271664 0.041609 0.033953
46 0.373555 0.277273 0.026359 0.025266
46 0.400648 0.260250 0.023859 0.021656
46 0.401406 0.281781 0.026719 0.019875
66 0.057078 0.321773 0.107000 0.123141
66 0.790367 0.191961 0.135703 0.029109
0 0.937625 0.309281 0.124750 0.265094
0 0.857672 0.282688 0.108469 0.251375
0 0.646148 0.372398 0.205766 0.363297
0 0.625656 0.249852 0.097906 0.135547
0 0.567023 0.216812 0.128547 0.133187
0 0.477859 0.190672 0.089031 0.094281
0 0.375812 0.211086 0.074531 0.114359
0 0.335531 0.226664 0.056563 0.111859
0 0.269352 0.285773 0.094016 0.195484
0 0.683516 0.159922 0.079063 0.103062
0 0.223984 0.396977 0.249156 0.440766
0 0.091930 0.283523 0.089641 0.226609
46 0.505578 0.234844 0.013781 0.028063
46 0.015938 0.257586 0.012313 0.020703
61 0.386930 0.182563 0.038641 0.050094
61 0.296094 0.171750 0.040906 0.023531
61 0.822727 0.316211 0.061828 0.176297
61 0.193367 0.197172 0.051516 0.064375
61 0.766531 0.238336 0.050219 0.102797
43 0.456891 0.288656 0.016656 0.048031
66 0.460453 0.242211 0.169969 0.049703
66 0.331141 0.184125 0.212000 0.025250
66 0.798617 0.248250 0.056547 0.084312
0 0.375836 0.115711 0.045078 0.033672
31 0.670031 0.296688 0.020063 0.044000
46 0.026258 0.255102 0.013672 0.019141
46 0.336484 0.149289 0.011906 0.011516
61 0.252867 0.202008 0.044453 0.081922
61 0.122438 0.187383 0.039594 0.038203
61 0.440156 0.196172 0.039250 0.080844
61 0.748633 0.218281 0.035984 0.083656
76 0.664539 0.133609 0.007109 0.014063
61 0.530469 0.181250 0.060937 0.040625
