62 0.396297 0.453508 0.379281 0.199641
0 0.104633 0.306953 0.111578 0.379875
0 0.485594 0.265125 0.046219 0.116813
0 0.195219 0.201523 0.096844 0.122672
46 0.248445 0.208375 0.015797 0.019312
74 0.315328 0.337828 0.047875 0.020156
74 0.293766 0.480094 0.078844 0.012313
0 0.278953 0.241039 0.082063 0.223359
0 0.340617 0.264930 0.048078 0.198016
45 0.357531 0.460602 0.029500 0.044484
45 0.559562 0.262195 0.016063 0.030672
45 0.575836 0.262328 0.017359 0.024219
0 0.211078 0.480836 0.229469 0.495734
0 0.420297 0.238789 0.029781 0.032453
