31 0.164852 0.366164 0.011766 0.024734
31 0.521930 0.103563 0.009797 0.022125
31 0.645352 0.107805 0.011516 0.021891
31 0.295516 0.102484 0.009000 0.015031
0 0.159812 0.383641 0.100312 0.175063
0 0.274875 0.381961 0.112563 0.168453
0 0.370602 0.371672 0.102859 0.158000
0 0.459195 0.374437 0.113141 0.148688
0 0.561477 0.371133 0.098609 0.148453
0 0.653609 0.379414 0.097781 0.154109
0 0.647906 0.271461 0.063625 0.144203
0 0.570445 0.297383 0.103672 0.183047
0 0.534680 0.258211 0.060172 0.112953
0 0.135320 0.135000 0.083141 0.167000
0 0.192602 0.183031 0.072922 0.116062
0 0.707016 0.320461 0.066562 0.220953
31 0.277695 0.367250 0.008953 0.020750
31 0.374648 0.356266 0.017641 0.024156
31 0.461969 0.363125 0.009594 0.012438
31 0.365984 0.099312 0.009250 0.019500
31 0.447391 0.084359 0.019875 0.020938
0 0.476516 0.270031 0.064594 0.170750
0 0.389844 0.233594 0.779687 0.410938
