66 0.380617 0.745695 0.738766 0.485391
0 0.351687 0.243969 0.402250 0.478656
0 0.679188 0.259906 0.105281 0.189062
0 0.071828 0.158891 0.084531 0.099312
46 0.200398 0.680320 0.197797 0.191047
59 0.486742 0.723055 0.175859 0.158422
59 0.363461 0.534203 0.080016 0.060031
59 0.299906 0.368914 0.104906 0.088234
60 0.318289 0.868297 0.264891 0.263406
30 0.611883 0.374906 0.097984 0.144687
46 0.205617 0.513703 0.098109 0.160219
59 0.637539 0.728359 0.162109 0.145594
61 0.720383 0.460719 0.059234 0.287125
0 0.721609 0.244523 0.056781 0.148703
59 0.453961 0.536781 0.057703 0.042469
60 0.454547 0.535062 0.062344 0.046750
61 0.049477 0.375000 0.098953 0.236969
61 0.635180 0.409727 0.058297 0.260016
