63 0.350852 0.417898 0.208609 0.258734
71 0.201977 0.207945 0.183141 0.144172
0 0.635281 0.269250 0.234906 0.259250
0 0.723156 0.294609 0.374750 0.464531
62 0.685117 0.409250 0.629766 0.429812
46 0.532047 0.491977 0.050250 0.055578
46 0.487812 0.469250 0.041375 0.070969
46 0.258195 0.487437 0.040891 0.066875
46 0.148078 0.499305 0.026500 0.034078
46 0.168695 0.490039 0.022359 0.030641
46 0.214414 0.498906 0.026297 0.031844
76 0.420594 0.608836 0.055813 0.044828
83 0.074367 0.024937 0.062078 0.009406
46 0.190992 0.493844 0.023547 0.033563
46 0.229344 0.487703 0.023688 0.030219
46 0.100023 0.493516 0.024953 0.029719
46 0.122047 0.483867 0.024938 0.030297
50 0.467063 0.528148 0.067156 0.053297
74 0.598984 0.323664 0.063844 0.043234
74 0.941711 0.423516 0.030047 0.026812
83 0.482945 0.298805 0.069703 0.027516
83 0.084547 0.022406 0.056969 0.007781
