0 0.248797 0.179781 0.058437 0.141156
0 0.258586 0.308938 0.107484 0.089406
42 0.217266 0.152062 0.024531 0.020188
0 0.110977 0.063562 0.016953 0.012719
0 0.221562 0.053242 0.017594 0.031047
0 0.235711 0.057492 0.013734 0.022578
0 0.247195 0.059117 0.012328 0.019922
0 0.300242 0.059703 0.017797 0.018469
0 0.443898 0.143656 0.036922 0.059094
0 0.284562 0.054867 0.012875 0.027422
0 0.164313 0.054602 0.013719 0.023734
0 0.463484 0.129984 0.015938 0.066000
0 0.181570 0.062180 0.015578 0.009578
0 0.479469 0.068375 0.015656 0.014281
0 0.249219 0.186719 0.498437 0.373437
