63 0.368430 0.406469 0.080547 0.126781
71 0.080563 0.374734 0.161125 0.249812
62 0.729977 0.514219 0.393766 0.287188
63 0.500430 0.450648 0.031484 0.050047
63 0.448898 0.452711 0.036422 0.061422
63 0.771047 0.143328 0.140906 0.143781
63 0.912805 0.166594 0.158172 0.150781
83 0.085305 0.633430 0.047453 0.048766
83 0.083680 0.602750 0.061953 0.071000
83 0.082266 0.600656 0.058094 0.064219
83 0.069094 0.583867 0.053594 0.058328
83 0.074883 0.590078 0.057141 0.058813
83 0.074492 0.599781 0.052984 0.057937
85 0.381250 0.444086 0.040719 0.052578
63 0.417539 0.468703 0.025141 0.028406
