71 0.761016 0.346469 0.054281 0.107531
43 0.131156 0.181125 0.024719 0.039500
43 0.080641 0.180242 0.016313 0.028547
66 0.890625 0.566563 0.218750 0.185938
64 0.515219 0.349531 0.083469 0.113437
76 0.931844 0.651461 0.049094 0.031453
81 0.129977 0.449297 0.202859 0.419250
83 0.821875 0.433312 0.056875 0.021156
83 0.817773 0.467367 0.067422 0.023141
83 0.817500 0.457961 0.065375 0.022797
83 0.829922 0.379719 0.038500 0.009781
83 0.826266 0.321906 0.066469 0.015906
83 0.815563 0.442414 0.054688 0.025672
43 0.387023 0.472484 0.034422 0.031938
62 0.314445 0.358563 0.100891 0.045500
63 0.822305 0.132734 0.093109 0.145844
83 0.819992 0.337875 0.082891 0.019344
61 0.939570 0.470531 0.120703 0.044719
83 0.815438 0.452992 0.065562 0.019516
83 0.827555 0.386922 0.033453 0.006031
83 0.827430 0.266797 0.064984 0.008219
83 0.828078 0.273453 0.074187 0.010063
77 0.308258 0.477305 0.115016 0.060328
83 0.814609 0.512633 0.057750 0.054234
83 0.832031 0.321875 0.110937 0.331250
