86 0.355617 0.506180 0.168547 0.372484
0 0.062359 0.183289 0.091000 0.264609
0 0.451687 0.574719 0.198875 0.350562
0 0.209219 0.565922 0.177031 0.367594
0 0.147805 0.445102 0.167234 0.591203
0 0.240406 0.274258 0.108219 0.294016
0 0.145547 0.157086 0.132312 0.131203
0 0.330281 0.169219 0.125594 0.241375
0 0.509719 0.146477 0.091250 0.136297
0 0.427008 0.288930 0.193234 0.301578
0 0.681742 0.439047 0.254484 0.591562
0 0.734656 0.157453 0.110719 0.187000
0 0.698594 0.091008 0.069094 0.111234
30 0.882961 0.486312 0.092391 0.113156
1 0.817445 0.326141 0.070953 0.155094
0 0.395023 0.211953 0.139672 0.232344
86 0.719383 0.567969 0.030078 0.090656
0 0.907813 0.265625 0.181250 0.450000
