46 0.639687 0.408602 0.122719 0.182672
49 0.418039 0.358453 0.115797 0.140281
50 0.283984 0.323078 0.524156 0.252812
55 0.172914 0.275250 0.225047 0.131062
55 0.287711 0.370742 0.057172 0.072891
55 0.849953 0.356328 0.128625 0.113000
50 0.939219 0.120219 0.121562 0.142500
55 0.211273 0.366297 0.113734 0.073094
59 0.676203 0.217969 0.067281 0.051406
59 0.769391 0.198609 0.064781 0.048594
59 0.712328 0.203883 0.064844 0.050328
59 0.722055 0.167000 0.058734 0.042125
59 0.820617 0.169680 0.067391 0.062391
59 0.835734 0.214219 0.073313 0.051875
59 0.867430 0.184555 0.045297 0.050797
55 0.362195 0.299633 0.059266 0.028422
55 0.423852 0.279000 0.019953 0.025938
55 0.114289 0.367297 0.086109 0.055250
