43 0.685688 0.393953 0.036719 0.076250
84 0.295320 0.173164 0.032047 0.040609
66 0.639945 0.524219 0.720109 0.255687
0 0.287148 0.350891 0.148172 0.215813
0 0.455039 0.336594 0.100453 0.118438
0 0.185164 0.374828 0.370328 0.584719
46 0.572672 0.454102 0.060281 0.061578
46 0.863344 0.413641 0.092844 0.085094
49 0.608313 0.476086 0.082000 0.019016
49 0.879484 0.621172 0.089156 0.092031
50 0.700172 0.454578 0.074969 0.046469
50 0.580695 0.413609 0.103766 0.025406
50 0.477750 0.443469 0.056719 0.031375
50 0.399031 0.414828 0.039062 0.023125
50 0.627742 0.447719 0.055484 0.044531
0 0.647977 0.340039 0.134828 0.152672
46 0.866352 0.352438 0.041391 0.034313
46 0.748773 0.439703 0.039391 0.058344
46 0.306523 0.458211 0.036172 0.041328
50 0.661336 0.414422 0.021953 0.026937
61 0.214297 0.393930 0.020344 0.051359
0 0.473625 0.601180 0.187312 0.114172
46 0.699266 0.453836 0.075406 0.048203
46 0.524531 0.403992 0.032813 0.023141
46 0.782125 0.420031 0.068875 0.031219
46 0.412117 0.406453 0.038422 0.031313
49 0.884320 0.478516 0.044828 0.015750
0 0.901094 0.309805 0.197813 0.276078
46 0.491836 0.389313 0.040797 0.046406
