61 0.225000 0.596773 0.240313 0.306453
62 0.856492 0.606117 0.287016 0.267172
72 0.132344 0.443500 0.188844 0.115656
83 0.587703 0.533438 0.151969 0.064000
83 0.599430 0.629680 0.016891 0.067609
83 0.589094 0.619227 0.148594 0.087828
83 0.433438 0.545719 0.033156 0.069156
83 0.498336 0.549930 0.022391 0.067141
83 0.365570 0.544570 0.018453 0.081016
83 0.390961 0.547602 0.006234 0.063703
83 0.470570 0.646570 0.073547 0.023516
26 0.882000 0.551508 0.139375 0.159203
43 0.036367 0.459625 0.036359 0.102375
61 0.014289 0.631516 0.017078 0.053687
61 0.003063 0.633594 0.004625 0.060750
83 0.046266 0.525383 0.092531 0.040516
