0 0.477148 0.292758 0.151672 0.363984
0 0.256656 0.397953 0.240313 0.219313
0 0.188023 0.165586 0.103953 0.107922
0 0.305680 0.160727 0.082234 0.088891
0 0.673750 0.135680 0.137719 0.083516
0 0.373570 0.161359 0.073672 0.084187
38 0.520266 0.098750 0.097250 0.108969
0 0.090617 0.011109 0.057297 0.022219
14 0.257930 0.195977 0.083828 0.029516
14 0.594047 0.169445 0.122719 0.033109
39 0.356344 0.385844 0.045000 0.051687
43 0.234234 0.173211 0.008313 0.024547
0 0.067125 0.192305 0.079406 0.081641
0 0.118266 0.175391 0.083094 0.098094
43 0.138742 0.180609 0.007297 0.025750
0 0.112031 0.363891 0.171906 0.284469
