5 0.399062 0.569648 0.290063 0.132016
5 0.099898 0.522867 0.199797 0.088484
5 0.429523 0.451766 0.138547 0.041938
5 0.675039 0.473766 0.179078 0.033875
5 0.632156 0.440508 0.135438 0.019922
5 0.741484 0.465562 0.129156 0.045875
5 0.579039 0.462086 0.151203 0.033078
5 0.225211 0.426313 0.087484 0.030625
5 0.579398 0.426547 0.100766 0.029812
5 0.477438 0.421086 0.100000 0.020828
5 0.803016 0.451695 0.076156 0.050453
5 0.298922 0.447281 0.142156 0.035250
5 0.340984 0.428422 0.111875 0.012313
5 0.514062 0.422656 0.412500 0.070312
