2 0.570414 0.569750 0.158172 0.088125
2 0.743016 0.575984 0.146844 0.088094
2 0.657086 0.565234 0.090359 0.084781
2 0.236656 0.626961 0.358250 0.111703
2 0.089312 0.612727 0.176469 0.138453
2 0.434477 0.566984 0.068953 0.058062
2 0.032602 0.542828 0.058047 0.027500
4 0.965867 0.027477 0.043328 0.018234
0 0.951141 0.556594 0.014781 0.037031
0 0.924562 0.571914 0.027094 0.061484
0 0.872555 0.562930 0.033828 0.042328
0 0.968867 0.567586 0.021703 0.065672
0 0.826688 0.551297 0.015156 0.026844
0 0.817539 0.553656 0.014078 0.023000
0 0.477719 0.563719 0.026312 0.061750
0 0.192602 0.548258 0.020141 0.042703
9 0.076250 0.492281 0.008500 0.016531
0 0.725438 0.520164 0.008156 0.010203
0 0.864016 0.547969 0.016313 0.022250
0 0.896945 0.549344 0.028609 0.029875
9 0.028953 0.479727 0.012344 0.011891
61 0.967234 0.579547 0.019500 0.038812
61 0.942906 0.581352 0.014063 0.041109
61 0.881523 0.584125 0.043953 0.041219
61 0.833242 0.578000 0.030297 0.037406
66 0.905992 0.566141 0.027547 0.005344
2 0.247734 0.554375 0.062531 0.033906
2 0.377945 0.552914 0.103953 0.072078
2 0.308500 0.546945 0.061656 0.050797
9 0.067180 0.515086 0.005016 0.017828
9 0.086922 0.507102 0.010281 0.011891
0 0.914750 0.551914 0.015406 0.025516
2 0.098523 0.540938 0.064953 0.019250
66 0.990836 0.570992 0.018328 0.026047
0 0.381727 0.555508 0.034734 0.072578
0 0.208594 0.546094 0.020313 0.042188
