48 0.424328 0.537086 0.178406 0.182016
48 0.717789 0.386633 0.175047 0.111391
60 0.223391 0.421805 0.395813 0.301359
45 0.407594 0.198117 0.096094 0.232078
45 0.265305 0.153453 0.097328 0.221344
45 0.125586 0.139414 0.104547 0.224984
45 0.194312 0.202328 0.102031 0.130156
45 0.310289 0.190977 0.110047 0.168547
45 0.219141 0.084000 0.082469 0.121000
45 0.039625 0.158664 0.079250 0.099016
45 0.126312 0.168078 0.093375 0.147000
45 0.419844 0.177719 0.097812 0.203906
46 0.052477 0.260875 0.092953 0.149938
46 0.818266 0.312594 0.102438 0.103906
66 0.501500 0.356078 0.997000 0.607219
48 0.488406 0.572859 0.301219 0.174156
