1 0.903070 0.276273 0.074922 0.044922
2 0.692398 0.271633 0.134328 0.063047
2 0.300578 0.243156 0.062813 0.037937
0 0.525547 0.285211 0.083156 0.220359
0 0.048344 0.233883 0.042312 0.114734
0 0.905164 0.264586 0.035609 0.069891
9 0.287062 0.122016 0.012750 0.029187
9 0.416555 0.060937 0.056953 0.060406
9 0.351516 0.127906 0.015688 0.026937
0 0.482086 0.195484 0.017984 0.018500
9 0.143789 0.156969 0.009453 0.015844
9 0.072500 0.159234 0.012406 0.023906
26 0.022531 0.246195 0.030812 0.052266
9 0.883039 0.174703 0.020578 0.015375
26 0.917078 0.249383 0.025938 0.022672
0 0.485000 0.292477 0.030687 0.182422
