0 0.111109 0.233719 0.022156 0.057594
0 0.544492 0.242102 0.058547 0.052672
0 0.381055 0.132250 0.087359 0.065719
0 0.322359 0.363023 0.016969 0.039953
0 0.078008 0.239820 0.031953 0.038453
0 0.438852 0.426555 0.012453 0.034359
35 0.336656 0.132727 0.044688 0.063578
35 0.521609 0.243383 0.047625 0.098172
0 0.497891 0.456289 0.007031 0.031453
0 0.483695 0.447289 0.010391 0.040141
0 0.464664 0.441914 0.015453 0.033453
0 0.453938 0.433172 0.016313 0.042688
0 0.300805 0.348273 0.010359 0.037141
0 0.156656 0.256227 0.025219 0.053859
0 0.273664 0.336031 0.013422 0.030469
0 0.453906 0.239063 0.907813 0.462500
