61 0.666312 0.583586 0.193125 0.260734
61 0.550391 0.323789 0.145313 0.193078
61 0.821820 0.387289 0.136547 0.233016
61 0.364398 0.249320 0.139359 0.109703
61 0.625000 0.695164 0.069344 0.090328
66 0.748195 0.333594 0.296203 0.215188
66 0.972938 0.444414 0.054125 0.211766
0 0.415469 0.543891 0.355750 0.409156
0 0.701969 0.125563 0.133156 0.220781
0 0.619578 0.280836 0.203656 0.267641
0 0.904406 0.246297 0.186781 0.256219
72 0.198031 0.632016 0.227531 0.175281
72 0.231742 0.460672 0.160109 0.129781
46 0.162672 0.541734 0.045812 0.080156
71 0.335859 0.152156 0.062594 0.057813
61 0.479617 0.412852 0.077609 0.145047
61 0.920469 0.347867 0.067687 0.194109
0 0.780289 0.179453 0.060141 0.123781
