0 0.159547 0.676836 0.251688 0.384266
0 0.101453 0.357297 0.129219 0.083969
0 0.131258 0.315516 0.052297 0.091000
0 0.156891 0.302195 0.042406 0.049141
0 0.215188 0.328133 0.049500 0.063203
0 0.289891 0.308305 0.049438 0.105609
38 0.375812 0.355172 0.031313 0.108781
0 0.503375 0.274773 0.033781 0.128391
0 0.536656 0.305672 0.050344 0.077438
39 0.247875 0.584586 0.081531 0.078547
0 0.686523 0.326539 0.088953 0.262422
0 0.442109 0.311672 0.023000 0.018469
0 0.253953 0.332125 0.025656 0.058219
0 0.191766 0.345070 0.074344 0.084734
0 0.403203 0.565117 0.184781 0.490797
0 0.258594 0.289844 0.448437 0.129688
