0 0.493930 0.438477 0.093953 0.137328
0 0.561039 0.442219 0.096734 0.154938
0 0.984195 0.138313 0.031609 0.083437
0 0.762523 0.449781 0.103016 0.158094
0 0.681063 0.448789 0.100375 0.154859
0 0.866219 0.357828 0.037156 0.052812
0 0.953531 0.317633 0.088750 0.129391
0 0.836086 0.126523 0.051266 0.093578
0 0.599758 0.259016 0.055453 0.108156
0 0.560758 0.263047 0.096609 0.110531
0 0.431555 0.305328 0.065953 0.104813
0 0.305195 0.273172 0.078422 0.139125
31 0.285172 0.410703 0.010906 0.032438
31 0.365125 0.404820 0.012063 0.026109
31 0.372430 0.325008 0.011828 0.029953
31 0.554953 0.435852 0.012594 0.031797
31 0.830922 0.430555 0.016969 0.029141
31 0.709586 0.331109 0.010109 0.043375
31 0.595461 0.249555 0.007422 0.009016
31 0.771727 0.445391 0.026297 0.030594
31 0.940586 0.402805 0.005922 0.016797
31 0.054914 0.322680 0.010578 0.016016
31 0.111727 0.327844 0.008359 0.017625
31 0.650047 0.320828 0.007281 0.020906
0 0.558000 0.317453 0.056125 0.112781
31 0.477211 0.265117 0.011078 0.026922
31 0.582812 0.242188 0.818750 0.256250
0 0.500000 0.316406 0.996875 0.510938
