43 0.909688 0.463797 0.087313 0.177500
72 0.792938 0.386961 0.224031 0.166641
73 0.696727 0.540609 0.074234 0.061687
75 0.489477 0.464742 0.304328 0.091453
83 0.186555 0.369852 0.028047 0.100453
83 0.178734 0.443148 0.157344 0.054766
83 0.175719 0.500250 0.193469 0.086250
71 0.513813 0.278633 0.236625 0.275703
73 0.662563 0.453961 0.040063 0.035516
83 0.213570 0.361812 0.031641 0.115031
83 0.200156 0.360250 0.028437 0.120188
83 0.111680 0.369922 0.025797 0.112406
83 0.164453 0.367477 0.024250 0.116734
83 0.232367 0.359523 0.048172 0.130953
83 0.256977 0.366430 0.017422 0.115766
83 0.261781 0.348977 0.044312 0.148484
83 0.119734 0.365328 0.034250 0.119156
83 0.131484 0.361320 0.048125 0.120734
83 0.169719 0.359781 0.038156 0.123844
