36 0.612102 0.316414 0.008203 0.005734
61 0.594602 0.041477 0.017266 0.022797
61 0.571383 0.041188 0.018234 0.023500
61 0.554805 0.021391 0.017234 0.019187
42 0.180500 0.213484 0.038125 0.016625
0 0.051102 0.427547 0.090172 0.118719
0 0.163398 0.227148 0.046078 0.102703
0 0.902367 0.160164 0.028359 0.055422
0 0.880992 0.161766 0.025891 0.040000
0 0.853445 0.159039 0.041297 0.048047
0 0.820133 0.138133 0.039109 0.036953
0 0.715734 0.142742 0.032719 0.043828
0 0.771367 0.170406 0.033984 0.051156
0 0.823984 0.165328 0.026344 0.029687
42 0.773836 0.359133 0.023141 0.029672
61 0.478000 0.022602 0.019312 0.021078
61 0.596531 0.024023 0.018656 0.021047
61 0.218922 0.049656 0.026406 0.014875
61 0.744445 0.218047 0.013109 0.048750
0 0.994109 0.178687 0.011781 0.032656
0 0.786523 0.139305 0.021266 0.041297
0 0.815875 0.207977 0.030625 0.028297
0 0.804148 0.415992 0.101234 0.181391
61 0.455320 0.023242 0.019422 0.024359
0 0.500000 0.225781 0.996875 0.451562
