31 0.573586 0.452680 0.048359 0.286297
61 0.846836 0.750805 0.198797 0.204641
61 0.528203 0.806969 0.219313 0.092219
61 0.956891 0.482812 0.055906 0.042562
0 0.273805 0.503422 0.470766 0.695563
0 0.600039 0.504492 0.232297 0.697266
0 0.810945 0.509961 0.260734 0.678672
43 0.085227 0.256547 0.013828 0.045531
43 0.017406 0.252547 0.018469 0.050344
43 0.006430 0.249664 0.012859 0.059234
45 0.974031 0.427187 0.016156 0.034000
46 0.978594 0.509422 0.024875 0.056844
61 0.926969 0.438719 0.020125 0.056500
66 0.966914 0.543828 0.065516 0.091938
0 0.018172 0.426781 0.032531 0.225719
43 0.051852 0.253844 0.020297 0.050500
43 0.034008 0.252078 0.015891 0.051125
43 0.067938 0.257828 0.015125 0.043531
61 0.055711 0.811070 0.111422 0.084109
66 0.046852 0.636578 0.093703 0.095500
0 0.405562 0.524914 0.232063 0.625484
