38 0.177875 0.280984 0.026500 0.076812
39 0.482055 0.360922 0.032766 0.044688
39 0.508305 0.235039 0.019891 0.024734
0 0.477984 0.382734 0.196563 0.188437
0 0.565234 0.389813 0.188906 0.197906
0 0.563305 0.216805 0.095016 0.214984
0 0.473758 0.222906 0.088422 0.230469
0 0.302250 0.179320 0.049250 0.116422
0 0.150391 0.244406 0.082969 0.190781
0 0.120172 0.141656 0.056688 0.090906
0 0.224164 0.119625 0.064609 0.155969
0 0.045195 0.178703 0.049641 0.104000
0 0.009945 0.180203 0.018672 0.101312
14 0.174953 0.229711 0.349906 0.018578
