0 0.699438 0.557023 0.192125 0.362359
0 0.431305 0.451570 0.020609 0.050703
0 0.607367 0.434539 0.009297 0.012453
0 0.972078 0.474047 0.024906 0.017875
0 0.824422 0.448180 0.013031 0.033172
37 0.333234 0.225422 0.024688 0.052906
37 0.875359 0.273055 0.017125 0.017422
26 0.975703 0.636555 0.048594 0.053797
0 0.954133 0.472867 0.015547 0.018766
0 0.978656 0.450531 0.010000 0.023719
0 0.958875 0.439945 0.009656 0.013891
0 0.947438 0.442352 0.012812 0.019859
0 0.805594 0.458156 0.013938 0.019844
0 0.930063 0.438063 0.007812 0.024156
0 0.383750 0.459414 0.021313 0.038422
0 0.940039 0.469664 0.016391 0.023297
0 0.735156 0.446875 0.417187 0.043750
