81 0.879695 0.362703 0.227578 0.376688
61 0.684180 0.607547 0.413984 0.173812
50 0.498844 0.365695 0.076625 0.041016
80 0.661195 0.310820 0.152328 0.105016
52 0.959148 0.141336 0.027203 0.018859
52 0.951109 0.133773 0.021531 0.016859
78 0.154062 0.390281 0.241750 0.176969
43 0.391648 0.267773 0.018453 0.025734
43 0.462555 0.327062 0.047766 0.087000
43 0.421297 0.230797 0.006281 0.011000
66 0.446563 0.521172 0.391500 0.360781
52 0.939375 0.141148 0.013344 0.012516
52 0.917445 0.143086 0.025484 0.013859
52 0.909609 0.137484 0.036594 0.023813
