15 0.687992 0.390984 0.090391 0.136313
15 0.238586 0.335875 0.142859 0.077156
0 0.747750 0.032906 0.007687 0.019875
0 0.756273 0.033727 0.010422 0.019703
8 0.579313 0.107867 0.155000 0.055422
8 0.321570 0.076641 0.090172 0.034563
8 0.701953 0.111750 0.141406 0.055937
8 0.976602 0.137969 0.046797 0.043875
8 0.470313 0.090555 0.079844 0.034516
8 0.244680 0.092602 0.115391 0.047359
8 0.135367 0.095930 0.111078 0.047359
8 0.066695 0.103258 0.080516 0.039609
8 0.417547 0.082352 0.067187 0.025922
8 0.770203 0.087766 0.076750 0.024031
15 0.473609 0.395352 0.075000 0.063672
15 0.398062 0.233891 0.046469 0.062969
15 0.369227 0.202125 0.046578 0.036156
15 0.375742 0.176344 0.051703 0.033156
15 0.465891 0.219828 0.069219 0.022125
15 0.592578 0.299305 0.058156 0.072203
15 0.891133 0.305516 0.030828 0.022344
15 0.386586 0.330750 0.053734 0.052250
15 0.763156 0.271094 0.100687 0.054719
15 0.595508 0.252297 0.049766 0.052156
8 0.486570 0.062898 0.071422 0.050016
15 0.553422 0.229023 0.081156 0.048047
15 0.624219 0.220312 0.460938 0.112500
