63 0.099391 0.349016 0.137969 0.342594
61 0.444781 0.441430 0.283094 0.148828
61 0.714734 0.448555 0.130344 0.132578
62 0.084680 0.479750 0.164891 0.070187
83 0.163109 0.082430 0.155500 0.059641
83 0.124352 0.273391 0.009922 0.043875
83 0.140680 0.141133 0.116797 0.056516
83 0.155609 0.271773 0.009906 0.047391
50 0.419609 0.250984 0.029063 0.022875
63 0.073758 0.283633 0.147328 0.344047
63 0.720438 0.303328 0.121625 0.174812
83 0.699625 0.156047 0.016375 0.049750
83 0.607484 0.153594 0.006406 0.051781
83 0.607398 0.216094 0.013547 0.040063
83 0.132727 0.273766 0.009234 0.041656
83 0.675602 0.271711 0.011391 0.043891
83 0.142828 0.271117 0.006375 0.046453
83 0.615711 0.102023 0.005953 0.036703
61 0.084320 0.482766 0.168641 0.075094
83 0.201672 0.206336 0.010187 0.044453
83 0.158445 0.208359 0.149234 0.049750
