61 0.594031 0.175945 0.112781 0.169828
61 0.335305 0.057609 0.074922 0.065250
61 0.873875 0.180664 0.116281 0.180328
61 0.497461 0.141898 0.113172 0.234797
61 0.606656 0.061391 0.098250 0.077438
61 0.703547 0.059117 0.092906 0.074328
61 0.796375 0.064156 0.095625 0.080063
61 0.686516 0.178187 0.086344 0.167594
61 0.404531 0.175883 0.106062 0.170203
61 0.311781 0.174086 0.104062 0.171578
0 0.206547 0.357648 0.240406 0.631484
42 0.194898 0.485867 0.114547 0.214234
61 0.886516 0.065734 0.091000 0.074156
36 0.517461 0.439227 0.034547 0.031578
61 0.162367 0.054016 0.092578 0.069031
61 0.500000 0.239063 0.996875 0.450000
