0 0.547367 0.285289 0.123703 0.416797
0 0.272648 0.417109 0.414422 0.645969
0 0.872734 0.117273 0.006531 0.016109
0 0.889617 0.126688 0.014359 0.043094
0 0.839469 0.115977 0.012219 0.024016
81 0.634227 0.273656 0.416109 0.516781
46 0.022508 0.512234 0.044891 0.061375
46 0.071117 0.471078 0.048016 0.081156
0 0.912641 0.124266 0.009594 0.033844
0 0.985016 0.127578 0.011469 0.037906
0 0.932477 0.122203 0.016953 0.026875
0 0.983195 0.316430 0.031922 0.353859
0 0.903039 0.124063 0.010078 0.037719
0 0.866703 0.110547 0.010562 0.013344
46 0.017953 0.527633 0.035906 0.066141
46 0.466094 0.281227 0.024875 0.040484
0 0.852031 0.113836 0.013344 0.020391
0 0.945453 0.118445 0.011000 0.010891
0 0.898438 0.101562 0.053125 0.046875
