0 0.333914 0.283633 0.213203 0.268547
0 0.603703 0.281867 0.232063 0.307734
0 0.849922 0.355203 0.300156 0.431438
72 0.591695 0.554711 0.353453 0.390578
72 0.647867 0.429938 0.267891 0.173687
72 0.235102 0.384555 0.201891 0.109328
72 0.206336 0.504883 0.409797 0.468984
73 0.783117 0.576508 0.128453 0.044109
75 0.817422 0.652250 0.202250 0.171906
0 0.920000 0.134023 0.078281 0.118234
0 0.083430 0.224953 0.160109 0.151688
0 0.908594 0.691609 0.182812 0.101688
0 0.601547 0.114789 0.055656 0.045016
0 0.502523 0.202758 0.140172 0.215891
46 0.085570 0.449961 0.068797 0.098547
72 0.722625 0.206609 0.056563 0.082781
75 0.583656 0.643820 0.172313 0.155359
75 0.683188 0.471734 0.106656 0.058750
75 0.025281 0.458430 0.047188 0.043828
46 0.441539 0.700875 0.099797 0.098250
46 0.453000 0.669398 0.119781 0.150203
46 0.594727 0.503914 0.076172 0.126953
75 0.312078 0.408031 0.031906 0.022406
0 0.776820 0.227266 0.122453 0.239687
