0 0.023812 0.580586 0.042312 0.114734
0 0.209898 0.581500 0.035547 0.099219
0 0.047203 0.572750 0.026344 0.115531
0 0.847602 0.551867 0.008953 0.023109
0 0.889102 0.549766 0.011109 0.020938
0 0.897969 0.551953 0.009719 0.011750
0 0.930281 0.547062 0.009656 0.026844
0 0.709789 0.542977 0.012797 0.011484
26 0.394273 0.642156 0.036922 0.031531
37 0.548289 0.274352 0.338516 0.168391
37 0.817109 0.400312 0.240187 0.169531
37 0.540031 0.346938 0.232344 0.141281
37 0.402828 0.523992 0.207719 0.196703
37 0.387086 0.379680 0.261266 0.317828
37 0.153062 0.478812 0.233906 0.320250
37 0.773156 0.291211 0.453688 0.284141
37 0.467156 0.441555 0.083594 0.152797
37 0.556312 0.502555 0.076906 0.253297
37 0.317250 0.609836 0.088563 0.017953
0 0.677937 0.555391 0.008406 0.018812
0 0.879492 0.543070 0.008359 0.019859
0 0.727711 0.552797 0.007109 0.022500
0 0.640836 0.554859 0.009859 0.024188
0 0.948469 0.551828 0.007594 0.009312
0 0.499219 0.392969 0.998437 0.373437
