0 0.640719 0.144227 0.087844 0.086922
0 0.562797 0.138547 0.064812 0.105813
0 0.467805 0.121297 0.038797 0.068781
0 0.220867 0.115398 0.056078 0.084672
0 0.722727 0.110828 0.054453 0.053687
31 0.709930 0.126664 0.018891 0.029141
59 0.127523 0.331758 0.055703 0.037516
59 0.161773 0.340641 0.061453 0.040219
59 0.082758 0.361297 0.023203 0.028687
59 0.098156 0.381195 0.050969 0.042422
59 0.189906 0.298773 0.056875 0.034766
59 0.216570 0.309563 0.051453 0.031500
59 0.250477 0.292445 0.051359 0.023203
59 0.279719 0.302492 0.052000 0.025547
59 0.299617 0.294883 0.048391 0.027609
59 0.339398 0.303875 0.047641 0.023813
59 0.355812 0.295375 0.042375 0.021094
59 0.385055 0.303109 0.042359 0.022687
0 0.507469 0.131078 0.018812 0.022344
59 0.428945 0.305258 0.041797 0.017516
59 0.464844 0.245312 0.617188 0.068750
