61 0.526344 0.423773 0.252250 0.110984
61 0.252297 0.359695 0.144844 0.174984
61 0.383094 0.374211 0.189719 0.169172
61 0.224789 0.255812 0.027172 0.018906
66 0.501398 0.585398 0.989328 0.311797
66 0.724187 0.186242 0.102500 0.044047
0 0.752242 0.409477 0.495516 0.475891
46 0.552414 0.614547 0.139578 0.243844
46 0.153523 0.689680 0.196297 0.120641
58 0.214406 0.617156 0.307750 0.178250
83 0.865187 0.660289 0.268688 0.179422
61 0.440219 0.265234 0.120781 0.055688
61 0.659508 0.339367 0.065891 0.206609
61 0.607758 0.297180 0.062016 0.156234
61 0.193805 0.257930 0.029578 0.012766
61 0.737492 0.204969 0.047547 0.057625
61 0.818320 0.152469 0.023266 0.033531
66 0.413961 0.351625 0.348703 0.161688
66 0.700320 0.245453 0.037016 0.038969
0 0.849102 0.124109 0.070516 0.079187
0 0.783813 0.121594 0.036812 0.048031
0 0.949102 0.190648 0.101359 0.292109
61 0.113125 0.351211 0.104469 0.177391
