71 0.701633 0.129883 0.096734 0.129797
46 0.279250 0.426969 0.120156 0.227094
46 0.640750 0.458484 0.142937 0.262719
47 0.622711 0.468305 0.254578 0.038391
48 0.681914 0.700656 0.136172 0.140844
58 0.351508 0.793586 0.703016 0.412828
46 0.455883 0.244695 0.060734 0.117547
46 0.631227 0.221813 0.069578 0.091094
47 0.114609 0.513484 0.220219 0.029219
58 0.614148 0.332062 0.271703 0.068000
58 0.264867 0.313695 0.256859 0.086266
66 0.376125 0.569813 0.747750 0.824719
0 0.374414 0.130289 0.142672 0.212984
47 0.702492 0.634672 0.095016 0.111375
48 0.600102 0.487172 0.299797 0.028656
