31 0.650633 0.432766 0.059703 0.265625
0 0.641672 0.364109 0.543187 0.584969
0 0.284281 0.362719 0.434250 0.584969
0 0.417383 0.287758 0.027422 0.059328
0 0.497672 0.307297 0.047969 0.229344
0 0.778984 0.226945 0.090938 0.111078
0 0.947734 0.330187 0.094125 0.327562
0 0.055211 0.297250 0.110422 0.249219
0 0.444133 0.356156 0.082703 0.130844
0 0.329344 0.292250 0.063281 0.212656
45 0.363133 0.418695 0.024578 0.039328
45 0.356445 0.407422 0.021641 0.053094
45 0.045109 0.411141 0.022719 0.048844
66 0.411125 0.452906 0.162656 0.132812
0 0.393336 0.262367 0.045859 0.120422
31 0.043719 0.287852 0.025031 0.110297
31 0.509930 0.243836 0.011016 0.027516
45 0.384477 0.323711 0.011578 0.025641
61 0.430609 0.392219 0.062781 0.060094
61 0.449961 0.310312 0.031328 0.049312
0 0.823219 0.252367 0.033063 0.060734
0 0.930711 0.448883 0.138578 0.430359
61 0.460984 0.286133 0.017094 0.037547
66 0.043852 0.495234 0.087703 0.200375
0 0.569359 0.263547 0.055719 0.099219
66 0.535367 0.302195 0.025078 0.028953
