10 0.577602 0.644125 0.252422 0.599000
10 0.312344 0.563781 0.148781 0.377312
9 0.154188 0.358383 0.011375 0.013453
9 0.148305 0.384180 0.008297 0.008891
9 0.090805 0.380219 0.010766 0.011281
0 0.236344 0.402766 0.015781 0.044094
0 0.105953 0.405594 0.016813 0.043750
0 0.149938 0.408453 0.012000 0.034187
0 0.161469 0.406547 0.013656 0.037281
0 0.184547 0.405898 0.011437 0.038672
0 0.218664 0.403977 0.017953 0.042391
0 0.056586 0.403422 0.021453 0.057469
0 0.091211 0.410008 0.012859 0.029203
0 0.201375 0.406125 0.011219 0.037875
10 0.444258 0.605305 0.144516 0.467609
