0 0.119266 0.339484 0.210469 0.361656
0 0.317258 0.321734 0.064203 0.147812
0 0.442945 0.328883 0.062297 0.171578
0 0.622266 0.326961 0.150000 0.376172
0 0.510883 0.265500 0.020453 0.043344
42 0.673391 0.115672 0.195437 0.098219
30 0.616344 0.407039 0.140844 0.226547
2 0.048047 0.256719 0.035250 0.017125
2 0.014383 0.260617 0.028734 0.014891
0 0.558734 0.274164 0.027500 0.053141
0 0.480273 0.252117 0.009422 0.030266
30 0.520820 0.290297 0.026984 0.046531
30 0.317492 0.296961 0.029828 0.058859
0 0.467922 0.254828 0.012781 0.028781
0 0.525742 0.321289 0.043547 0.154547
7 0.247977 0.261156 0.098422 0.064875
0 0.368711 0.324844 0.061547 0.157938
30 0.398086 0.345156 0.014047 0.026719
