87 0.541305 0.438531 0.139734 0.213406
26 0.512367 0.381187 0.009641 0.035500
26 0.490133 0.143461 0.035547 0.056172
0 0.471883 0.225422 0.120234 0.306562
0 0.843063 0.238484 0.105906 0.154969
0 0.607891 0.556039 0.169813 0.207391
0 0.686031 0.495172 0.172812 0.305063
0 0.470773 0.539406 0.195891 0.258688
0 0.326125 0.535297 0.232406 0.248906
0 0.152484 0.514813 0.177344 0.307875
0 0.054977 0.538469 0.109953 0.244000
0 0.234953 0.325734 0.142937 0.281094
0 0.402570 0.387141 0.116641 0.285844
0 0.553492 0.337727 0.121703 0.135953
0 0.700305 0.356164 0.090172 0.204391
26 0.926437 0.597203 0.114219 0.143094
26 0.040898 0.385539 0.081797 0.092609
26 0.881750 0.141586 0.045437 0.081141
26 0.702461 0.396711 0.050891 0.074109
0 0.582695 0.189516 0.073516 0.149031
30 0.253844 0.389156 0.093750 0.174656
30 0.277945 0.619219 0.072984 0.098375
30 0.951625 0.278180 0.091281 0.144672
30 0.831461 0.146922 0.031922 0.055937
30 0.497828 0.089180 0.020406 0.054297
76 0.211492 0.256398 0.016891 0.022141
26 0.462352 0.402695 0.030391 0.043547
30 0.615867 0.637570 0.104672 0.060922
0 0.500000 0.333594 0.996875 0.667188
