63 0.471820 0.266508 0.039922 0.094016
63 0.421633 0.275898 0.028641 0.074828
71 0.582859 0.277242 0.105594 0.106359
61 0.429211 0.470914 0.191234 0.215672
61 0.454594 0.544609 0.145969 0.193375
61 0.793328 0.574547 0.197125 0.170938
61 0.702492 0.454992 0.134016 0.146984
62 0.151695 0.412680 0.257391 0.196984
66 0.631125 0.583789 0.300531 0.153266
85 0.695586 0.397641 0.021984 0.052469
85 0.611953 0.546734 0.031688 0.056563
43 0.664508 0.144211 0.020953 0.050422
43 0.652562 0.147187 0.013531 0.048625
50 0.923914 0.123281 0.077609 0.138813
50 0.976898 0.277883 0.046203 0.155453
50 0.853359 0.236094 0.046875 0.106125
63 0.692500 0.369203 0.045281 0.107500
63 0.607125 0.507313 0.095562 0.138344
61 0.452953 0.622195 0.154406 0.089984
