43 0.200578 0.492672 0.070563 0.117375
43 0.236078 0.475883 0.091688 0.100234
43 0.245164 0.449375 0.060516 0.075531
43 0.265266 0.417164 0.029687 0.058203
43 0.276195 0.393437 0.027203 0.043531
43 0.248891 0.427031 0.057313 0.054062
43 0.281813 0.381227 0.016594 0.025703
0 0.745391 0.387797 0.504719 0.600219
0 0.575211 0.346039 0.271078 0.383078
0 0.186406 0.600422 0.292781 0.517750
0 0.391031 0.244422 0.207938 0.106438
43 0.260031 0.418398 0.037156 0.064578
45 0.146461 0.325477 0.047453 0.059172
46 0.589070 0.327250 0.031141 0.029281
0 0.788266 0.274766 0.321531 0.526156
30 0.816531 0.445664 0.062719 0.092266
45 0.453758 0.236625 0.022547 0.010781
46 0.246516 0.522180 0.052812 0.057672
0 0.529664 0.531406 0.554297 0.648219
