66 0.520930 0.432492 0.737609 0.610266
46 0.397148 0.250375 0.171016 0.131094
47 0.694016 0.605391 0.238063 0.178437
47 0.606703 0.672313 0.297000 0.068906
48 0.615172 0.631664 0.289594 0.099234
58 0.364883 0.551453 0.315172 0.332031
49 0.635883 0.346875 0.156484 0.050719
51 0.725352 0.453078 0.045984 0.049375
51 0.685930 0.476773 0.043859 0.044641
51 0.727102 0.493547 0.067328 0.053031
51 0.777516 0.504453 0.045031 0.064031
51 0.813688 0.536086 0.045844 0.062297
51 0.316188 0.448992 0.071563 0.042516
51 0.259867 0.498633 0.059047 0.045016
51 0.751570 0.483398 0.023391 0.024891
46 0.567859 0.336039 0.153906 0.118828
51 0.423609 0.533062 0.036219 0.070688
