66 0.515969 0.428117 0.644781 0.475016
47 0.707477 0.580016 0.069859 0.067781
47 0.328250 0.647437 0.022125 0.036375
47 0.406633 0.357430 0.039547 0.028203
48 0.323313 0.549352 0.116406 0.009109
48 0.737953 0.594531 0.084000 0.071969
49 0.708039 0.555187 0.089484 0.027281
49 0.405344 0.357133 0.036375 0.028641
50 0.574094 0.604117 0.152062 0.123016
50 0.462648 0.421016 0.119391 0.083562
50 0.498547 0.261047 0.075906 0.034031
50 0.755297 0.650250 0.124438 0.030750
50 0.519344 0.318227 0.064938 0.040172
50 0.518594 0.355992 0.086563 0.037484
0 0.511859 0.151664 0.098656 0.102953
0 0.101719 0.459492 0.200437 0.393391
0 0.190523 0.438500 0.170203 0.403031
0 0.880680 0.436773 0.238641 0.457703
0 0.772242 0.413000 0.124703 0.248250
0 0.665773 0.303195 0.095516 0.177234
0 0.331648 0.291180 0.076828 0.164078
0 0.379195 0.197070 0.069484 0.148984
0 0.655938 0.205586 0.124656 0.212172
0 0.607672 0.192109 0.057656 0.143719
0 0.395641 0.263258 0.079281 0.146578
0 0.396219 0.116836 0.085281 0.135422
45 0.634164 0.460758 0.050641 0.116766
46 0.399562 0.538617 0.059937 0.086266
46 0.662508 0.517914 0.056516 0.084453
46 0.394266 0.481617 0.053781 0.041047
46 0.587398 0.374289 0.035641 0.030953
46 0.470016 0.305398 0.027062 0.036516
46 0.457531 0.357359 0.036500 0.042531
46 0.558406 0.289484 0.023000 0.036594
46 0.548430 0.271734 0.021578 0.033437
46 0.578539 0.411086 0.039609 0.061141
46 0.465367 0.274781 0.023641 0.029250
56 0.442094 0.416273 0.015000 0.014328
56 0.485625 0.399633 0.007656 0.007078
85 0.811359 0.161516 0.017438 0.046812
45 0.472648 0.581898 0.055328 0.154734
45 0.537000 0.236805 0.040219 0.091859
45 0.414773 0.432547 0.041422 0.105781
46 0.487344 0.235375 0.019906 0.017094
48 0.357055 0.398500 0.026172 0.005687
48 0.623992 0.351117 0.062891 0.013359
61 0.724484 0.246266 0.027844 0.091063
0 0.292289 0.317203 0.146578 0.313844
49 0.554930 0.452406 0.027266 0.048313
56 0.454750 0.394727 0.023531 0.010516
45 0.444922 0.558422 0.042063 0.108312
45 0.469727 0.305258 0.025922 0.032109
46 0.414219 0.625031 0.070938 0.081187
0 0.637500 0.228125 0.450000 0.381250
