9 0.424508 0.364195 0.032859 0.092016
0 0.381859 0.758258 0.103906 0.289703
0 0.660109 0.768617 0.040344 0.093203
0 0.693953 0.768008 0.039125 0.107297
0 0.274758 0.751805 0.021609 0.075609
0 0.084258 0.739273 0.020516 0.075484
0 0.738805 0.766266 0.017297 0.059125
30 0.361883 0.711242 0.044078 0.048766
30 0.707336 0.754469 0.013703 0.045437
30 0.670156 0.756344 0.013437 0.039062
30 0.677945 0.780344 0.015453 0.023594
0 0.057219 0.743578 0.036875 0.069500
0 0.099430 0.734820 0.013703 0.040391
2 0.025344 0.761758 0.050687 0.097078
0 0.712391 0.779406 0.016250 0.082187
