43 0.478078 0.519539 0.009344 0.021328
43 0.489891 0.518078 0.013688 0.024813
43 0.504023 0.515414 0.014453 0.032047
43 0.520094 0.513289 0.018438 0.036891
81 0.565461 0.582555 0.081172 0.464641
46 0.275609 0.511836 0.037719 0.031422
50 0.318742 0.517391 0.054641 0.037719
77 0.100305 0.503750 0.102109 0.049875
46 0.471445 0.404820 0.028203 0.024297
49 0.350438 0.479023 0.024781 0.028016
49 0.379633 0.484445 0.018016 0.019797
51 0.325461 0.434844 0.044516 0.034781
52 0.327586 0.346023 0.015703 0.013641
80 0.059266 0.552641 0.116656 0.035344
46 0.288531 0.526609 0.020313 0.034844
48 0.041000 0.498422 0.031813 0.038125
48 0.042562 0.507484 0.015813 0.019312
48 0.036516 0.482953 0.024438 0.025344
78 0.070125 0.775328 0.135063 0.350656
49 0.376000 0.476547 0.009781 0.020156
